time,acc_x,acc_y,acc_z,vel_x,vel_y,vel_z,speed,distance_cm
1783675867.9202473,0.0,0.0,0.0,0.0,0.0,0.0,0.0,0.0
1783675868.435665,0.0,0.0,0.0,0.0,0.0,0.0,0.0,0.0
1783675868.9421628,0.0,0.0,0.0,0.0,0.0,0.0,0.0,0.0
1783675869.4404776,0.0,0.0,0.0,0.0,0.0,0.0,0.0,0.0
1783675869.948711,0.0,0.0,0.0,0.0,0.0,0.0,0.0,0.0
1783675870.4388192,0.0,0.0,0.0,0.0,0.0,0.0,0.0,0.0
1783675870.9397717,0.0,0.0,0.0,0.0,0.0,0.0,0.0,0.0
1783675871.4369073,0.0,0.0,0.0,0.0,0.0,0.0,0.0,0.0
1783675871.9478352,0.0,0.0,0.0,0.0,0.0,0.0,0.0,0.0
1783675872.4424841,0.0,0.0,0.0,0.0,0.0,0.0,0.0,0.0
1783675872.9380298,0.0,0.0,0.0,0.0,0.0,0.0,0.0,0.0
1783675873.4422288,0.0,0.0,0.0,0.0,0.0,0.0,0.0,0.0
1783675873.9418488,0.0,0.0,0.0,0.0,0.0,0.0,0.0,0.0
1783675874.443485,0.0,0.0,0.0,0.0,0.0,0.0,0.0,0.0
1783675874.9453773,0.0,0.0,0.0,0.0,0.0,0.0,0.0,0.0
1783675875.4470208,0.0,0.0,0.0,0.0,0.0,0.0,0.0,0.0
1783675875.948202,0.0,0.0,0.0,0.0,0.0,0.0,0.0,0.0
1783675876.4505117,0.0,0.0,0.0,0.0,0.0,0.0,0.0,0.0
1783675876.952256,0.0,0.0,0.0,0.0,0.0,0.0,0.0,0.0
1783675877.453984,0.0,0.0,0.0,0.0,0.0,0.0,0.0,0.0
1783675877.9559956,0.0,0.0,0.0,0.0,0.0,0.0,0.0,0.0
1783675878.4579096,0.0,0.0,0.0,0.0,0.0,0.0,0.0,0.0
1783675878.9603617,0.0,0.0,0.0,0.0,0.0,0.0,0.0,0.0
1783675879.4616902,0.0,0.0,0.0,0.0,0.0,0.0,0.0,0.0
1783675879.9629867,0.0,0.0,0.0,0.0,0.0,0.0,0.0,0.0
1783675880.4653563,0.0,0.0,0.0,0.0,0.0,0.0,0.0,0.0
1783675880.967187,-0.07574052888575836,0.007020864024783923,0.0028889425666247014,-0.037999555903300605,0.003522416847678149,0.0,0.03816246414078728,1.9146376594661285
1783675881.468373,0.0,0.0,0.0,0.0,0.0,0.0,0.0,1.9146376594661285
1783675881.970861,-0.11815460865194198,-0.033143477793661696,-0.003125930428364041,-0.05927899792448745,-0.016628315846133317,0.0,0.06156704055588636,5.0034993729184185
1783675882.47203,-0.11494820278102086,0.011624213919900173,-0.028625630154557203,-0.1169493195055486,-0.010796365988119741,-0.014361679926555647,0.11832143804768919,10.939769116207081
1783675882.9733787,0.0,0.0,0.0,0.0,0.0,0.0,0.0,10.939769116207081
1783675883.4755466,-0.06349057633231371,-0.10219678644895643,0.007888649066037694,-0.03185391657989518,-0.05127324554812068,0.003957821519250265,0.06049199998094822,13.974718918928343
1783675883.9770079,-0.09137989527219495,-0.08943398216527704,0.00369836641877725,-0.07769985254450382,-0.09614290322496466,0.005813317955352145,0.12375184682101749,20.183436085826607
1783675884.4791856,-0.0904896962289131,-0.055449397174796765,0.007030140270197476,-0.12309916938996718,-0.12396225566107325,0.009340388758942355,0.17494939038261692,28.960770011015853
1783675884.9807062,0.0,0.0,0.0,0.0,0.0,0.0,0.0,28.960770011015853
1783675885.4833033,0.0,0.0,0.0,0.0,0.0,0.0,0.0,28.960770011015853
1783675885.9840138,0.0,0.0,0.0,0.0,0.0,0.0,0.0,28.960770011015853
1783675886.485827,0.0,0.0,0.0,0.0,0.0,0.0,0.0,28.960770011015853
1783675886.9879751,0.0,0.0,0.0,0.0,0.0,0.0,0.0,28.960770011015853
1783675887.4904895,0.0,0.0,0.0,0.0,0.0,0.0,0.0,28.960770011015853
1783675887.9912212,0.0,0.0,0.0,0.0,0.0,0.0,0.0,28.960770011015853
1783675888.4929056,0.0,0.0,0.0,0.0,0.0,0.0,0.0,28.960770011015853
1783675888.995795,0.0,0.0,0.0,0.0,0.0,0.0,0.0,28.960770011015853
1783675889.4965272,0.0,0.0,0.0,0.0,0.0,0.0,0.0,28.960770011015853
1783675889.998821,0.0,0.0,0.0,0.0,0.0,0.0,0.0,28.960770011015853
