time,acc_x,acc_y,acc_z,vel_x,vel_y,vel_z,speed,distance_cm
1783510077.0783744,0.14910381030273434,0.04405742504882815,0.03814862573242195,0.0,0.0,0.0,0.0,0.0
1783510077.5800216,0.15280040112304685,0.04220912963867187,0.03999692114257797,0.0,0.0,0.0,0.0,0.0
1783510078.0820549,0.16246328952734373,0.02166717445019531,0.0457525130498045,0.0,0.0,0.0,0.0,0.0
1783510078.583311,0.16469971218726953,0.022916629540642566,0.0502105941859196,0.0,0.0,0.0,0.0,0.0
1783510079.0858839,0.17623850045632333,0.03200112431188034,0.051099560593338256,0.0,0.0,0.0,0.0,0.0
1783510079.5870702,0.17130939628750674,0.03388241328110782,0.05164538596749331,0.0,0.0,0.0,0.0,0.0
1783510080.0886314,0.17197951714816584,0.039658263233604094,0.06122199979800529,0.0,0.0,0.0,0.0,0.0
1783510080.5902328,0.17793585758707928,0.11806059921576495,0.04399834806298666,0.08925288552424214,0.05921936865126424,0.02206963552020256,0.1093621507188497,5.485621420638933
1783510081.092436,0.13908225618297837,0.18930332613576484,0.06114745705002894,0.15910044327113707,0.15428810974611384,0.05277808571789486,0.22782295360684496,16.865329995729294
1783510081.5934856,0.1022880770497667,0.025113126822066623,0.03193865864971368,0.21035183503392904,0.16687102985047952,0.0687809352585911,0.2771726035533588,30.744845642544842
1783510082.0948987,0.09633110975338094,0.007473637900487178,0.04819792151981059,0.2586535160682629,0.17061840985014542,0.0929480048348454,0.32349901817014187,46.89050020750232
1783510082.5967565,0.1259428492162126,0.11031315942724679,0.045243041050956584,0.3218589119576814,0.22597992467058442,0.1156535759622517,0.4099217427675212,67.44401316907982
1783510083.0983267,0.12471735543975063,0.10969043399428655,0.0535943691989397,0.38441342395731476,0.280997380303336,0.1425349157673395,0.4970406527324766,92.36705954198221
1783510083.5995898,0.052805528969987345,0.035376264172198954,0.022680324183754156,0.41088288930435446,0.2987301976214988,0.15390372632092217,0.5308020692023906,118.96810287326522
1783510084.1014955,0.08720422244919332,-0.10359155431145342,0.03604427022216469,0.4546511838456674,0.24673700814334354,0.17199455026616764,0.5451320715946334,146.10944564125145
1783510084.6031744,0.09723524778448829,-0.025343651061587855,0.04240143767959274,0.503432060238183,0.2340226320509366,0.19326645872983,0.5878455202327212,175.22705209594594
1783510085.105458,0.12002895603176564,0.009762493662735837,0.04538059079337555,0.5637206331553587,0.23892617225071597,0.21606038402521346,0.6492678627320007,207.40511065336645
1783510085.6059682,0.08134787370614081,-0.2209746569628575,0.05460297244586296,0.6044360749755777,0.12832609901690387,0.2433897295451902,0.6641152888383607,239.0654319283401
1783510086.107545,0.10934996064258218,-0.09187198985908121,0.05287233313986546,0.6592834632314699,0.08224525300624513,0.2699092579169985,0.7171261911559548,272.9416668623058
1783510086.6093173,0.13116398054694778,-0.06250692833158132,0.03794750502981079,0.7250979290316071,0.05088100132833876,0.28895026873087115,0.7822072236829206,309.87095601084985
1783510087.1109693,0.15472341352408764,0.03592406978810048,0.04634246696672147,0.8027152392340091,0.06890238286954709,0.3121980600778518,0.8640410420691763,351.41737100352157
1783510087.612944,0.16918890537205153,0.06863627148124135,0.05611771212137537,0.8876437694008974,0.10335604660251349,0.3403677252004933,0.956265717300214,398.1828740067713
1783510088.1142497,0.1836156035971701,0.050831507412626736,0.06581630346664558,0.9796913398621502,0.12883817703452413,0.3733618210842846,1.0563112451857397,450.20865571861395
1783510088.6165109,0.19801848253786164,0.09904483539949735,0.057909022976469285,1.079148332960321,0.17858455113298136,0.40244727424339216,1.1655116365701137,508.2053984033283
1783510089.1178687,0.17821327135002438,0.13049611419359217,0.03826758947425151,1.1684969455116727,0.2440097950455954,0.4216330284765525,1.2659780023565228,571.4504369008196
1783510089.6200132,0.16420457627053606,0.14611060855285385,0.022511158483577078,1.2509513826956395,0.31737844449774943,0.4329368845887252,1.3612651413069148,639.7411774725507
1783510090.1208487,0.13712028339016774,0.11041467054061244,0.024850630021318473,1.3196260772397777,0.372678022248709,0.44538296028044017,1.4417586043809902,711.9150328044299
1783510090.6229463,0.13804933395810598,0.07555929673000245,0.03830098571150719,1.3889403174210029,0.41061616429767556,0.464613793538866,1.5210610825626523,788.2523351410601
1783510091.125267,0.15063369117283565,0.0504615063899754,0.04655950410528306,1.4646067486239798,0.4359640268636578,0.488001599326516,1.6041456049184935,868.7985696732362
1783510091.6260872,0.15096730486205467,0.04059634935166754,0.05625097292445218,1.5402142183864942,0.4562954970378078,0.5161732205817519,1.6872759741022325,953.2757890182824
1783510092.1271503,0.15486873448754765,0.03361499522506842,0.0474151714981718,0.0,0.0,0.0,0.0,953.2757890182824
1783510092.6290176,0.1554159168674441,0.02378355756086777,0.05492805729352985,0.0,0.0,0.0,0.0,953.2757890182824
1783510093.13061,0.1483587052080755,0.0297609750010642,0.052147787531254236,0.0,0.0,0.0,0.0,953.2757890182824
1783510093.6321673,0.15234290659492633,0.028810370783954202,0.05690973583276445,0.0,0.0,0.0,0.0,953.2757890182824
1783510094.1341114,0.15848579706676524,0.03192329061496117,0.052440390449266266,0.0,0.0,0.0,0.0,953.2757890182824
1783510094.6356304,0.16225753181647432,0.025517294045496335,0.048772064678720375,0.0,0.0,0.0,0.0,953.2757890182824
